3.300000000000000000e+03 1.409759093075990677e-02
3.320000000000000000e+03 2.996024303138256073e-02
3.340000000000000000e+03 5.495584011077880859e-02
3.360000000000000000e+03 8.707045018672943115e-02
3.380000000000000000e+03 1.216980516910552979e-01
3.400000000000000000e+03 1.545111238956451416e-01
3.420000000000000000e+03 1.773487329483032227e-01
3.440000000000000000e+03 1.954874098300933838e-01
3.460000000000000000e+03 2.125969678163528442e-01
3.480000000000000000e+03 2.311716824769973755e-01
3.500000000000000000e+03 2.518638670444488525e-01
3.520000000000000000e+03 2.699939608573913574e-01
3.540000000000000000e+03 2.867709994316101074e-01
3.560000000000000000e+03 3.010632097721099854e-01
3.580000000000000000e+03 3.119103014469146729e-01
3.600000000000000000e+03 3.218826055526733398e-01
3.620000000000000000e+03 3.329571783542633057e-01
3.640000000000000000e+03 3.433839082717895508e-01
3.660000000000000000e+03 3.512497544288635254e-01
3.680000000000000000e+03 3.522568643093109131e-01
3.700000000000000000e+03 3.481944203376770020e-01
3.720000000000000000e+03 3.420965969562530518e-01
3.740000000000000000e+03 3.402758240699768066e-01
3.760000000000000000e+03 3.491407036781311035e-01
3.780000000000000000e+03 3.711213469505310059e-01
3.800000000000000000e+03 4.030829071998596191e-01
3.820000000000000000e+03 4.435047507286071777e-01
3.840000000000000000e+03 4.831251204013824463e-01
3.860000000000000000e+03 5.140781998634338379e-01
3.880000000000000000e+03 5.334893465042114258e-01
3.900000000000000000e+03 5.433433055877685547e-01
3.920000000000000000e+03 5.517662167549133301e-01
3.940000000000000000e+03 5.644418001174926758e-01
3.960000000000000000e+03 5.842034816741943359e-01
3.980000000000000000e+03 6.080825924873352051e-01
4.000000000000000000e+03 6.314935684204101562e-01
4.020000000000000000e+03 6.367702484130859375e-01
4.040000000000000000e+03 6.278032064437866211e-01
4.060000000000000000e+03 5.987865924835205078e-01
4.080000000000000000e+03 5.446663498878479004e-01
4.100000000000000000e+03 4.671109318733215332e-01
4.120000000000000000e+03 3.720968663692474365e-01
4.140000000000000000e+03 2.734048068523406982e-01
4.160000000000000000e+03 1.848475635051727295e-01
4.180000000000000000e+03 1.158029139041900635e-01
4.200000000000000000e+03 6.899654120206832886e-02
4.220000000000000000e+03 4.043872281908988953e-02
4.240000000000000000e+03 2.426536194980144501e-02
4.260000000000000000e+03 1.525267399847507477e-02
4.280000000000000000e+03 1.003003399819135666e-02
4.300000000000000000e+03 6.923662498593330383e-03
4.980000000000000000e+03 6.991879083216190338e-03
5.000000000000000000e+03 9.642656892538070679e-03
5.020000000000000000e+03 1.236681919544935226e-02
5.040000000000000000e+03 1.470464840531349182e-02
5.060000000000000000e+03 1.608348079025745392e-02
5.080000000000000000e+03 1.612053997814655304e-02
5.100000000000000000e+03 1.491963118314743042e-02
5.120000000000000000e+03 1.278686709702014923e-02
5.140000000000000000e+03 1.023457758128643036e-02
5.160000000000000000e+03 7.742831949144601822e-03
