3.150000000000000000e+03 4.105821251869201660e-03
3.160000000000000000e+03 6.095324642956256866e-03
3.170000000000000000e+03 9.197062812745571136e-03
3.180000000000000000e+03 1.268941443413496017e-02
3.190000000000000000e+03 1.859919913113117218e-02
3.200000000000000000e+03 2.410424686968326569e-02
3.210000000000000000e+03 3.072941116988658905e-02
3.220000000000000000e+03 3.556044772267341614e-02
3.230000000000000000e+03 4.136686772108078003e-02
3.240000000000000000e+03 4.998829588294029236e-02
3.250000000000000000e+03 5.445437878370285034e-02
3.260000000000000000e+03 6.342189759016036987e-02
3.270000000000000000e+03 7.262050360441207886e-02
3.280000000000000000e+03 7.857620716094970703e-02
3.290000000000000000e+03 9.068620204925537109e-02
3.300000000000000000e+03 1.007988527417182922e-01
3.310000000000000000e+03 1.039122566580772400e-01
3.320000000000000000e+03 1.116479486227035522e-01
3.330000000000000000e+03 1.178918555378913879e-01
3.340000000000000000e+03 1.207388862967491150e-01
3.350000000000000000e+03 1.277227252721786499e-01
3.360000000000000000e+03 1.331053078174591064e-01
3.370000000000000000e+03 1.353997588157653809e-01
3.380000000000000000e+03 1.403433084487915039e-01
3.390000000000000000e+03 1.462264955043792725e-01
3.400000000000000000e+03 1.510170251131057739e-01
3.410000000000000000e+03 1.558139026165008545e-01
3.420000000000000000e+03 1.615521758794784546e-01
3.430000000000000000e+03 1.674082875251770020e-01
3.440000000000000000e+03 1.717248260974884033e-01
3.450000000000000000e+03 1.768341660499572754e-01
3.460000000000000000e+03 1.808290630578994751e-01
3.470000000000000000e+03 1.846258789300918579e-01
3.480000000000000000e+03 1.883472353219985962e-01
3.490000000000000000e+03 1.934344321489334106e-01
3.500000000000000000e+03 1.982704252004623413e-01
3.510000000000000000e+03 2.007985711097717285e-01
3.520000000000000000e+03 2.043798118829727173e-01
3.530000000000000000e+03 2.086029052734375000e-01
3.540000000000000000e+03 2.130541205406188965e-01
3.550000000000000000e+03 2.167094796895980835e-01
3.560000000000000000e+03 2.203481048345565796e-01
3.570000000000000000e+03 2.248325645923614502e-01
3.580000000000000000e+03 2.282366305589675903e-01
3.590000000000000000e+03 2.314993292093276978e-01
3.600000000000000000e+03 2.359809428453445435e-01
3.610000000000000000e+03 2.412732541561126709e-01
3.620000000000000000e+03 2.468316555023193359e-01
3.630000000000000000e+03 2.520117461681365967e-01
3.640000000000000000e+03 2.591597437858581543e-01
3.650000000000000000e+03 2.662795186042785645e-01
3.660000000000000000e+03 2.717868983745574951e-01
3.670000000000000000e+03 2.776250243186950684e-01
3.680000000000000000e+03 2.818575203418731689e-01
3.690000000000000000e+03 2.868959009647369385e-01
3.700000000000000000e+03 2.934932410717010498e-01
3.710000000000000000e+03 2.999710738658905029e-01
3.720000000000000000e+03 3.045853078365325928e-01
3.730000000000000000e+03 3.114434182643890381e-01
3.740000000000000000e+03 3.165004551410675049e-01
3.750000000000000000e+03 3.218908905982971191e-01
3.760000000000000000e+03 3.274323046207427979e-01
3.770000000000000000e+03 3.330318033695220947e-01
3.780000000000000000e+03 3.387285768985748291e-01
3.790000000000000000e+03 3.443524837493896484e-01
3.800000000000000000e+03 3.489062488079071045e-01
3.810000000000000000e+03 3.522555828094482422e-01
3.820000000000000000e+03 3.575072586536407471e-01
3.830000000000000000e+03 3.626782000064849854e-01
3.840000000000000000e+03 3.677683174610137939e-01
3.850000000000000000e+03 3.722126185894012451e-01
3.860000000000000000e+03 3.776171207427978516e-01
3.870000000000000000e+03 3.833881020545959473e-01
3.880000000000000000e+03 3.879876136779785156e-01
3.890000000000000000e+03 3.911392986774444580e-01
3.900000000000000000e+03 3.943045139312744141e-01
3.910000000000000000e+03 3.991507887840270996e-01
3.920000000000000000e+03 4.036043286323547363e-01
3.930000000000000000e+03 4.053488075733184814e-01
3.940000000000000000e+03 4.054911434650421143e-01
3.950000000000000000e+03 3.885307312011718750e-01
3.960000000000000000e+03 3.297604322433471680e-01
3.970000000000000000e+03 2.189353406429290771e-01
3.980000000000000000e+03 1.049907878041267395e-01
3.990000000000000000e+03 4.258930683135986328e-02
4.000000000000000000e+03 1.627332530915737152e-02
4.010000000000000000e+03 5.664180498570203781e-03
