3.960000000000000000e+03 1.095280144363641739e-02
3.970000000000000000e+03 2.207632921636104584e-02
3.980000000000000000e+03 4.370190203189849854e-02
3.990000000000000000e+03 8.399452269077301025e-02
4.000000000000000000e+03 1.415820866823196411e-01
4.010000000000000000e+03 1.979160904884338379e-01
4.020000000000000000e+03 2.349879890680313110e-01
4.030000000000000000e+03 2.522419393062591553e-01
4.040000000000000000e+03 2.599397301673889160e-01
4.050000000000000000e+03 2.651328146457672119e-01
4.060000000000000000e+03 2.696149051189422607e-01
4.070000000000000000e+03 2.746989727020263672e-01
4.080000000000000000e+03 2.813043296337127686e-01
4.090000000000000000e+03 2.860617935657501221e-01
4.100000000000000000e+03 2.915287911891937256e-01
4.110000000000000000e+03 2.965240478515625000e-01
4.120000000000000000e+03 3.018994927406311035e-01
4.130000000000000000e+03 3.058996498584747314e-01
4.140000000000000000e+03 3.105259835720062256e-01
4.150000000000000000e+03 3.156536221504211426e-01
4.160000000000000000e+03 3.208887875080108643e-01
4.170000000000000000e+03 3.259636461734771729e-01
4.180000000000000000e+03 3.308681547641754150e-01
4.190000000000000000e+03 3.365754485130310059e-01
4.200000000000000000e+03 3.418788611888885498e-01
4.210000000000000000e+03 3.452979326248168945e-01
4.220000000000000000e+03 3.497984707355499268e-01
4.230000000000000000e+03 3.543603420257568359e-01
4.240000000000000000e+03 3.588958680629730225e-01
4.250000000000000000e+03 3.648696243762969971e-01
4.260000000000000000e+03 3.674176931381225586e-01
4.270000000000000000e+03 3.716760575771331787e-01
4.280000000000000000e+03 3.741373419761657715e-01
4.290000000000000000e+03 3.773988485336303711e-01
4.300000000000000000e+03 3.829840719699859619e-01
4.310000000000000000e+03 3.892444670200347900e-01
4.320000000000000000e+03 3.956464231014251709e-01
4.330000000000000000e+03 4.003205299377441406e-01
4.340000000000000000e+03 4.052012860774993896e-01
4.350000000000000000e+03 4.096034765243530273e-01
4.360000000000000000e+03 4.135236442089080811e-01
4.370000000000000000e+03 4.177478849887847900e-01
4.380000000000000000e+03 4.214414358139038086e-01
4.390000000000000000e+03 4.263051152229309082e-01
4.400000000000000000e+03 4.317439198493957520e-01
4.410000000000000000e+03 4.358203113079071045e-01
4.420000000000000000e+03 4.389929175376892090e-01
4.430000000000000000e+03 4.436656534671783447e-01
4.440000000000000000e+03 4.478663504123687744e-01
4.450000000000000000e+03 4.513883888721466064e-01
4.460000000000000000e+03 4.568017423152923584e-01
4.470000000000000000e+03 4.612138569355010986e-01
4.480000000000000000e+03 4.648503661155700684e-01
4.490000000000000000e+03 4.694588482379913330e-01
4.500000000000000000e+03 4.732795953750610352e-01
4.510000000000000000e+03 4.769909083843231201e-01
4.520000000000000000e+03 4.793344140052795410e-01
4.530000000000000000e+03 4.829722940921783447e-01
4.540000000000000000e+03 4.879506826400756836e-01
4.550000000000000000e+03 4.920677542686462402e-01
4.560000000000000000e+03 4.965294599533081055e-01
4.570000000000000000e+03 5.006455779075622559e-01
4.580000000000000000e+03 5.050505399703979492e-01
4.590000000000000000e+03 5.086409449577331543e-01
4.600000000000000000e+03 5.131972432136535645e-01
4.610000000000000000e+03 5.157871246337890625e-01
4.620000000000000000e+03 5.184504389762878418e-01
4.630000000000000000e+03 5.213223695755004883e-01
4.640000000000000000e+03 5.237779021263122559e-01
4.650000000000000000e+03 5.262295603752136230e-01
4.660000000000000000e+03 5.297706723213195801e-01
4.670000000000000000e+03 5.337002873420715332e-01
4.680000000000000000e+03 5.371657013893127441e-01
4.690000000000000000e+03 5.411961078643798828e-01
4.700000000000000000e+03 5.445752143859863281e-01
4.710000000000000000e+03 5.479050874710083008e-01
4.720000000000000000e+03 5.503327250480651855e-01
4.730000000000000000e+03 5.531683564186096191e-01
4.740000000000000000e+03 5.551547408103942871e-01
4.750000000000000000e+03 5.561681985855102539e-01
4.760000000000000000e+03 5.592762827873229980e-01
4.770000000000000000e+03 5.619468092918395996e-01
4.780000000000000000e+03 5.661224722862243652e-01
4.790000000000000000e+03 5.706785917282104492e-01
4.800000000000000000e+03 5.738534331321716309e-01
4.810000000000000000e+03 5.763274431228637695e-01
4.820000000000000000e+03 5.799977779388427734e-01
4.830000000000000000e+03 5.827856659889221191e-01
4.840000000000000000e+03 5.847862362861633301e-01
4.850000000000000000e+03 5.884920358657836914e-01
4.860000000000000000e+03 5.897962450981140137e-01
4.870000000000000000e+03 5.924255847930908203e-01
4.880000000000000000e+03 5.985261797904968262e-01
4.890000000000000000e+03 6.014484167098999023e-01
4.900000000000000000e+03 6.046827435493469238e-01
4.910000000000000000e+03 6.078437566757202148e-01
4.920000000000000000e+03 6.091839075088500977e-01
4.930000000000000000e+03 6.119064688682556152e-01
4.940000000000000000e+03 6.143170595169067383e-01
4.950000000000000000e+03 6.178938150405883789e-01
4.960000000000000000e+03 6.209135651588439941e-01
4.970000000000000000e+03 6.237650513648986816e-01
4.980000000000000000e+03 6.265504956245422363e-01
4.990000000000000000e+03 6.329376101493835449e-01
5.000000000000000000e+03 6.380579471588134766e-01
5.010000000000000000e+03 6.415811181068420410e-01
5.020000000000000000e+03 6.443105936050415039e-01
5.030000000000000000e+03 6.449882984161376953e-01
5.040000000000000000e+03 6.458624601364135742e-01
5.050000000000000000e+03 6.465881466865539551e-01
5.060000000000000000e+03 6.492659449577331543e-01
5.070000000000000000e+03 6.525598764419555664e-01
5.080000000000000000e+03 6.574968099594116211e-01
5.090000000000000000e+03 6.620463132858276367e-01
5.100000000000000000e+03 6.645119190216064453e-01
5.110000000000000000e+03 6.670988202095031738e-01
5.120000000000000000e+03 6.692016720771789551e-01
5.130000000000000000e+03 6.720106601715087891e-01
5.140000000000000000e+03 6.746867299079895020e-01
5.150000000000000000e+03 6.770794391632080078e-01
5.160000000000000000e+03 6.796478033065795898e-01
5.170000000000000000e+03 6.832837462425231934e-01
5.180000000000000000e+03 6.862295866012573242e-01
5.190000000000000000e+03 6.880393028259277344e-01
5.200000000000000000e+03 6.910602450370788574e-01
5.210000000000000000e+03 6.942067146301269531e-01
5.220000000000000000e+03 6.973600983619689941e-01
5.230000000000000000e+03 6.992173790931701660e-01
5.240000000000000000e+03 7.007936835289001465e-01
5.250000000000000000e+03 7.010408639907836914e-01
5.260000000000000000e+03 7.049320340156555176e-01
5.270000000000000000e+03 7.080340385437011719e-01
5.280000000000000000e+03 7.090047597885131836e-01
5.290000000000000000e+03 7.133793234825134277e-01
5.300000000000000000e+03 7.150910496711730957e-01
5.310000000000000000e+03 7.164402604103088379e-01
5.320000000000000000e+03 7.195017337799072266e-01
5.330000000000000000e+03 7.226361036300659180e-01
5.340000000000000000e+03 7.270743846893310547e-01
5.350000000000000000e+03 7.338128089904785156e-01
5.360000000000000000e+03 7.353068590164184570e-01
5.370000000000000000e+03 7.377937436103820801e-01
5.380000000000000000e+03 7.420499324798583984e-01
5.390000000000000000e+03 7.447050809860229492e-01
5.400000000000000000e+03 7.458176016807556152e-01
5.410000000000000000e+03 7.434467077255249023e-01
5.420000000000000000e+03 7.319345474243164062e-01
5.430000000000000000e+03 7.043076157569885254e-01
5.440000000000000000e+03 6.500622034072875977e-01
5.450000000000000000e+03 5.707610845565795898e-01
5.460000000000000000e+03 4.714031517505645752e-01
5.470000000000000000e+03 3.645444810390472412e-01
5.480000000000000000e+03 2.653710544109344482e-01
5.490000000000000000e+03 1.818500012159347534e-01
5.500000000000000000e+03 1.173922270536422729e-01
5.510000000000000000e+03 7.024990767240524292e-02
5.520000000000000000e+03 3.921190649271011353e-02
5.530000000000000000e+03 2.079550176858901978e-02
5.540000000000000000e+03 1.107801310718059540e-02
