5.340000000000000000e+03 1.002672594040632248e-02
5.360000000000000000e+03 2.659351937472820282e-02
5.380000000000000000e+03 7.094674557447433472e-02
5.400000000000000000e+03 1.565430760383605957e-01
5.420000000000000000e+03 2.762000262737274170e-01
5.440000000000000000e+03 3.973052203655242920e-01
5.460000000000000000e+03 4.758144915103912354e-01
5.480000000000000000e+03 5.025930404663085938e-01
5.500000000000000000e+03 5.053395628929138184e-01
5.520000000000000000e+03 5.132929682731628418e-01
5.540000000000000000e+03 5.338250398635864258e-01
5.560000000000000000e+03 5.600430965423583984e-01
5.580000000000000000e+03 5.844320654869079590e-01
5.600000000000000000e+03 6.025878190994262695e-01
5.620000000000000000e+03 6.145230531692504883e-01
5.640000000000000000e+03 6.249113678932189941e-01
5.660000000000000000e+03 6.363513469696044922e-01
5.680000000000000000e+03 6.440056562423706055e-01
5.700000000000000000e+03 6.470901966094970703e-01
5.720000000000000000e+03 6.488171815872192383e-01
5.740000000000000000e+03 6.486178636550903320e-01
5.760000000000000000e+03 6.422793269157409668e-01
5.780000000000000000e+03 6.345407962799072266e-01
5.800000000000000000e+03 6.364469528198242188e-01
5.820000000000000000e+03 6.496633291244506836e-01
5.840000000000000000e+03 6.648175716400146484e-01
5.860000000000000000e+03 6.706896424293518066e-01
5.880000000000000000e+03 6.601768136024475098e-01
5.900000000000000000e+03 6.385841369628906250e-01
5.920000000000000000e+03 6.216347217559814453e-01
5.940000000000000000e+03 6.244713664054870605e-01
5.960000000000000000e+03 6.460475921630859375e-01
5.980000000000000000e+03 6.718376278877258301e-01
6.000000000000000000e+03 6.911478042602539062e-01
6.020000000000000000e+03 7.040765881538391113e-01
6.040000000000000000e+03 7.092656493186950684e-01
6.060000000000000000e+03 7.067055106163024902e-01
6.080000000000000000e+03 7.016947269439697266e-01
6.100000000000000000e+03 7.028634548187255859e-01
6.120000000000000000e+03 7.152202725410461426e-01
6.140000000000000000e+03 7.299763560295104980e-01
6.160000000000000000e+03 7.356474995613098145e-01
6.180000000000000000e+03 7.341944575309753418e-01
6.200000000000000000e+03 7.351028919219970703e-01
6.220000000000000000e+03 7.404290437698364258e-01
6.240000000000000000e+03 7.454023361206054688e-01
6.260000000000000000e+03 7.463901638984680176e-01
6.280000000000000000e+03 7.456398010253906250e-01
6.300000000000000000e+03 7.481463551521301270e-01
6.320000000000000000e+03 7.548570036888122559e-01
6.340000000000000000e+03 7.590529322624206543e-01
6.360000000000000000e+03 7.570331692695617676e-01
6.380000000000000000e+03 7.513280510902404785e-01
6.400000000000000000e+03 7.432122230529785156e-01
6.420000000000000000e+03 7.353308200836181641e-01
6.440000000000000000e+03 7.352258563041687012e-01
6.460000000000000000e+03 7.407652735710144043e-01
6.480000000000000000e+03 7.485057711601257324e-01
6.500000000000000000e+03 7.545841932296752930e-01
6.520000000000000000e+03 7.482859492301940918e-01
6.540000000000000000e+03 7.341518998146057129e-01
6.560000000000000000e+03 7.261817455291748047e-01
6.580000000000000000e+03 7.277705073356628418e-01
6.600000000000000000e+03 7.366465330123901367e-01
6.620000000000000000e+03 7.492088079452514648e-01
6.640000000000000000e+03 7.577275633811950684e-01
6.660000000000000000e+03 7.599025964736938477e-01
6.680000000000000000e+03 7.649599313735961914e-01
6.700000000000000000e+03 7.742633223533630371e-01
6.720000000000000000e+03 7.798967957496643066e-01
6.740000000000000000e+03 7.821744680404663086e-01
6.760000000000000000e+03 7.806417942047119141e-01
6.780000000000000000e+03 7.758436799049377441e-01
6.800000000000000000e+03 7.713649272918701172e-01
6.820000000000000000e+03 7.674615383148193359e-01
6.840000000000000000e+03 7.543685436248779297e-01
6.860000000000000000e+03 7.433069348335266113e-01
6.880000000000000000e+03 7.302733063697814941e-01
6.900000000000000000e+03 7.368184924125671387e-01
6.920000000000000000e+03 7.174582481384277344e-01
6.940000000000000000e+03 6.521305441856384277e-01
6.960000000000000000e+03 5.321563482284545898e-01
6.980000000000000000e+03 3.710395991802215576e-01
7.000000000000000000e+03 2.089343965053558350e-01
7.020000000000000000e+03 9.485717117786407471e-02
7.040000000000000000e+03 3.543895855545997620e-02
7.060000000000000000e+03 1.215351000428199768e-02
