6.800000000000000000e+03 7.621240336447954178e-03
6.820000000000000000e+03 1.257390156388282776e-02
6.840000000000000000e+03 2.044581994414329529e-02
6.860000000000000000e+03 3.300162404775619507e-02
6.880000000000000000e+03 5.255400016903877258e-02
6.900000000000000000e+03 8.539843559265136719e-02
6.920000000000000000e+03 1.357523202896118164e-01
6.940000000000000000e+03 2.058592438697814941e-01
6.960000000000000000e+03 2.946477234363555908e-01
6.980000000000000000e+03 3.935811519622802734e-01
7.000000000000000000e+03 4.789786040782928467e-01
7.020000000000000000e+03 5.453523993492126465e-01
7.040000000000000000e+03 5.886089801788330078e-01
7.060000000000000000e+03 6.135509014129638672e-01
7.080000000000000000e+03 6.266116499900817871e-01
7.100000000000000000e+03 6.315203905105590820e-01
7.120000000000000000e+03 6.344935297966003418e-01
7.140000000000000000e+03 6.379375457763671875e-01
7.160000000000000000e+03 6.192251443862915039e-01
7.180000000000000000e+03 5.983538031578063965e-01
7.200000000000000000e+03 6.067700982093811035e-01
7.220000000000000000e+03 6.148672103881835938e-01
7.240000000000000000e+03 6.171541213989257812e-01
7.260000000000000000e+03 6.192176342010498047e-01
7.280000000000000000e+03 6.213116049766540527e-01
7.300000000000000000e+03 6.234645247459411621e-01
7.320000000000000000e+03 6.333672404289245605e-01
7.340000000000000000e+03 6.436963081359863281e-01
7.360000000000000000e+03 6.439574360847473145e-01
7.380000000000000000e+03 6.462638974189758301e-01
7.400000000000000000e+03 6.461294293403625488e-01
7.420000000000000000e+03 6.475670933723449707e-01
7.440000000000000000e+03 6.469425559043884277e-01
7.460000000000000000e+03 6.424545049667358398e-01
7.480000000000000000e+03 6.435059309005737305e-01
7.500000000000000000e+03 6.449534893035888672e-01
7.520000000000000000e+03 6.458910703659057617e-01
7.540000000000000000e+03 6.485500335693359375e-01
7.560000000000000000e+03 6.501523256301879883e-01
7.580000000000000000e+03 6.347435116767883301e-01
7.600000000000000000e+03 4.249738454818725586e-01
7.620000000000000000e+03 4.658114016056060791e-01
7.640000000000000000e+03 4.472464323043823242e-01
7.660000000000000000e+03 5.526834130287170410e-01
7.680000000000000000e+03 6.413499712944030762e-01
7.700000000000000000e+03 6.410378217697143555e-01
7.720000000000000000e+03 6.414682865142822266e-01
7.740000000000000000e+03 6.448107361793518066e-01
7.760000000000000000e+03 6.469712853431701660e-01
7.780000000000000000e+03 6.501054763793945312e-01
7.800000000000000000e+03 6.514521837234497070e-01
7.820000000000000000e+03 6.524515748023986816e-01
7.840000000000000000e+03 6.578714251518249512e-01
7.860000000000000000e+03 6.593861579895019531e-01
7.880000000000000000e+03 6.549474000930786133e-01
7.900000000000000000e+03 6.509192585945129395e-01
7.920000000000000000e+03 6.514858603477478027e-01
7.940000000000000000e+03 6.547312140464782715e-01
7.960000000000000000e+03 6.553351283073425293e-01
7.980000000000000000e+03 6.550621986389160156e-01
8.000000000000000000e+03 6.528450250625610352e-01
8.020000000000000000e+03 6.500453948974609375e-01
8.040000000000000000e+03 6.526908278465270996e-01
8.060000000000000000e+03 6.554672122001647949e-01
8.080000000000000000e+03 6.556964516639709473e-01
8.100000000000000000e+03 6.551709771156311035e-01
8.120000000000000000e+03 6.415118575096130371e-01
8.140000000000000000e+03 6.255548596382141113e-01
8.160000000000000000e+03 6.269327998161315918e-01
8.180000000000000000e+03 6.260019540786743164e-01
8.200000000000000000e+03 6.271913051605224609e-01
8.220000000000000000e+03 6.296828985214233398e-01
8.240000000000000000e+03 6.265438795089721680e-01
8.260000000000000000e+03 6.302340030670166016e-01
8.280000000000000000e+03 6.342791318893432617e-01
8.300000000000000000e+03 6.309873461723327637e-01
8.320000000000000000e+03 6.352554559707641602e-01
8.340000000000000000e+03 6.367933750152587891e-01
8.360000000000000000e+03 6.214181184768676758e-01
8.380000000000000000e+03 5.828850269317626953e-01
8.400000000000000000e+03 5.195762515068054199e-01
8.420000000000000000e+03 4.377971887588500977e-01
8.440000000000000000e+03 3.412372767925262451e-01
8.460000000000000000e+03 2.683700621128082275e-01
8.480000000000000000e+03 2.135012298822402954e-01
8.500000000000000000e+03 1.804518699645996094e-01
8.520000000000000000e+03 1.373411566019058228e-01
8.540000000000000000e+03 1.022316738963127136e-01
8.560000000000000000e+03 8.155839890241622925e-02
8.580000000000000000e+03 4.991059377789497375e-02
8.600000000000000000e+03 3.688843920826911926e-02
8.620000000000000000e+03 2.902795933187007904e-02
8.640000000000000000e+03 2.405137196183204651e-02
