8.420000000000000000e+03 3.261557966470718384e-02
8.440000000000000000e+03 5.345896258950233459e-02
8.460000000000000000e+03 8.104792982339859009e-02
8.480000000000000000e+03 1.263281852006912231e-01
8.500000000000000000e+03 1.869051903486251831e-01
8.520000000000000000e+03 2.525283992290496826e-01
8.540000000000000000e+03 3.335072696208953857e-01
8.560000000000000000e+03 4.023720026016235352e-01
8.580000000000000000e+03 4.645726382732391357e-01
8.600000000000000000e+03 5.155234336853027344e-01
8.620000000000000000e+03 5.494934320449829102e-01
8.640000000000000000e+03 5.736361742019653320e-01
8.660000000000000000e+03 5.864536166191101074e-01
8.680000000000000000e+03 5.943357348442077637e-01
8.700000000000000000e+03 5.974629521369934082e-01
8.720000000000000000e+03 6.002947688102722168e-01
8.740000000000000000e+03 6.026526689529418945e-01
8.760000000000000000e+03 6.046217083930969238e-01
8.780000000000000000e+03 6.073916554450988770e-01
8.800000000000000000e+03 6.084393858909606934e-01
8.820000000000000000e+03 6.081590056419372559e-01
8.840000000000000000e+03 6.074940562248229980e-01
8.860000000000000000e+03 6.104695796966552734e-01
8.880000000000000000e+03 6.119372844696044922e-01
8.900000000000000000e+03 6.111378073692321777e-01
8.920000000000000000e+03 5.960909128189086914e-01
8.940000000000000000e+03 5.772978067398071289e-01
8.960000000000000000e+03 5.606876015663146973e-01
8.980000000000000000e+03 5.460234284400939941e-01
9.000000000000000000e+03 5.501993894577026367e-01
9.020000000000000000e+03 5.564539432525634766e-01
9.040000000000000000e+03 5.592706799507141113e-01
9.060000000000000000e+03 5.620130300521850586e-01
9.080000000000000000e+03 5.630090832710266113e-01
9.100000000000000000e+03 5.625025629997253418e-01
9.120000000000000000e+03 5.631451010704040527e-01
9.140000000000000000e+03 5.628104209899902344e-01
9.160000000000000000e+03 5.589627623558044434e-01
9.180000000000000000e+03 5.540522933006286621e-01
9.200000000000000000e+03 5.452839136123657227e-01
9.220000000000000000e+03 5.279653072357177734e-01
9.240000000000000000e+03 5.027566552162170410e-01
9.260000000000000000e+03 4.636411964893341064e-01
9.280000000000000000e+03 3.882802724838256836e-01
9.300000000000000000e+03 3.104606568813323975e-01
9.320000000000000000e+03 2.330768555402755737e-01
9.340000000000000000e+03 1.648877710103988647e-01
9.360000000000000000e+03 1.153576076030731201e-01
9.380000000000000000e+03 7.933305203914642334e-02
9.400000000000000000e+03 5.135198682546615601e-02
9.420000000000000000e+03 3.199542313814163208e-02
9.440000000000000000e+03 1.825682818889617920e-02
9.460000000000000000e+03 1.072458643466234207e-02
9.480000000000000000e+03 7.193215657025575638e-03
