9.100000000000000000e+03 4.879244603216648102e-03
9.140000000000000000e+03 7.365040015429258347e-03
9.160000000000000000e+03 1.133835408836603165e-02
9.180000000000000000e+03 1.376323867589235306e-02
9.200000000000000000e+03 2.507773414254188538e-02
9.220000000000000000e+03 3.538665920495986938e-02
9.240000000000000000e+03 5.146820470690727234e-02
9.260000000000000000e+03 8.210746943950653076e-02
9.280000000000000000e+03 1.098931506276130676e-01
9.300000000000000000e+03 1.381207704544067383e-01
9.320000000000000000e+03 1.712375432252883911e-01
9.340000000000000000e+03 1.968831270933151245e-01
9.360000000000000000e+03 2.332955896854400635e-01
9.380000000000000000e+03 2.810989618301391602e-01
9.400000000000000000e+03 3.218943178653717041e-01
9.420000000000000000e+03 3.547120392322540283e-01
9.440000000000000000e+03 3.590805530548095703e-01
9.460000000000000000e+03 3.582858145236968994e-01
9.480000000000000000e+03 3.686864674091339111e-01
9.500000000000000000e+03 3.776045143604278564e-01
9.520000000000000000e+03 3.712532520294189453e-01
9.540000000000000000e+03 3.630012869834899902e-01
9.560000000000000000e+03 3.736821115016937256e-01
9.580000000000000000e+03 3.812539875507354736e-01
9.600000000000000000e+03 3.931191265583038330e-01
9.620000000000000000e+03 4.038416147232055664e-01
9.640000000000000000e+03 4.109132587909698486e-01
9.660000000000000000e+03 4.195991754531860352e-01
9.680000000000000000e+03 4.274277389049530029e-01
9.700000000000000000e+03 4.349879324436187744e-01
9.720000000000000000e+03 4.214112162590026855e-01
9.740000000000000000e+03 4.095853865146636963e-01
9.760000000000000000e+03 4.071370661258697510e-01
9.780000000000000000e+03 4.061235189437866211e-01
9.800000000000000000e+03 4.042216241359710693e-01
9.820000000000000000e+03 3.990591764450073242e-01
9.840000000000000000e+03 3.961535990238189697e-01
9.860000000000000000e+03 3.915713727474212646e-01
9.880000000000000000e+03 3.823458254337310791e-01
9.900000000000000000e+03 3.729988932609558105e-01
9.920000000000000000e+03 3.621419966220855713e-01
9.940000000000000000e+03 3.512585759162902832e-01
9.960000000000000000e+03 3.410709798336029053e-01
9.980000000000000000e+03 3.296369612216949463e-01
1.000000000000000000e+04 3.197577595710754395e-01
1.002000000000000000e+04 3.054258525371551514e-01
1.004000000000000000e+04 2.909828722476959229e-01
1.006000000000000000e+04 2.767778337001800537e-01
1.008000000000000000e+04 2.629155516624450684e-01
1.010000000000000000e+04 2.502442300319671631e-01
1.012000000000000000e+04 2.373759448528289795e-01
1.014000000000000000e+04 2.233260273933410645e-01
1.016000000000000000e+04 2.090216875076293945e-01
1.018000000000000000e+04 1.942330151796340942e-01
1.020000000000000000e+04 1.797075569629669189e-01
1.022000000000000000e+04 1.699980348348617554e-01
1.024000000000000000e+04 1.596843749284744263e-01
1.026000000000000000e+04 1.496225446462631226e-01
1.028000000000000000e+04 1.393312960863113403e-01
1.030000000000000000e+04 1.288305521011352539e-01
1.032000000000000000e+04 1.183406636118888855e-01
1.034000000000000000e+04 1.077457964420318604e-01
1.036000000000000000e+04 9.738414734601974487e-02
1.038000000000000000e+04 8.699229359626770020e-02
1.040000000000000000e+04 7.662338763475418091e-02
1.042000000000000000e+04 7.329083979129791260e-02
1.044000000000000000e+04 6.974235177040100098e-02
1.046000000000000000e+04 6.614766269922256470e-02
1.048000000000000000e+04 6.265646964311599731e-02
1.050000000000000000e+04 5.893698707222938538e-02
1.052000000000000000e+04 5.544999241828918457e-02
1.054000000000000000e+04 5.180937796831130981e-02
1.056000000000000000e+04 4.790649190545082092e-02
1.058000000000000000e+04 4.396684095263481140e-02
1.060000000000000000e+04 3.968717902898788452e-02
1.062000000000000000e+04 3.501144051551818848e-02
1.064000000000000000e+04 3.011133894324302673e-02
1.066000000000000000e+04 2.486595883965492249e-02
1.068000000000000000e+04 1.963340491056442261e-02
1.070000000000000000e+04 1.471984572708606720e-02
1.072000000000000000e+04 1.035709213465452194e-02
1.074000000000000000e+04 6.800610572099685669e-03
