3.300000000000000000e+03 1.409759092921905425e-02
3.320000000000000000e+03 2.996024481560043834e-02
3.340000000000000000e+03 5.495583904428746197e-02
3.360000000000000000e+03 8.707045442239276511e-02
3.380000000000000000e+03 1.216980584828995099e-01
3.400000000000000000e+03 1.545111206199126508e-01
3.420000000000000000e+03 1.773487429689251382e-01
3.440000000000000000e+03 1.954874293065435864e-01
3.460000000000000000e+03 2.125969740216731851e-01
3.480000000000000000e+03 2.311716807018350806e-01
3.500000000000000000e+03 2.518638574917632100e-01
3.520000000000000000e+03 2.699939841769783966e-01
3.540000000000000000e+03 2.867710072734409588e-01
3.560000000000000000e+03 3.010632259088301121e-01
3.580000000000000000e+03 3.119102888378978977e-01
3.600000000000000000e+03 3.218825970457510621e-01
3.620000000000000000e+03 3.329571692725382115e-01
3.640000000000000000e+03 3.433839219528028175e-01
3.660000000000000000e+03 3.512497727744086085e-01
3.680000000000000000e+03 3.522568367568572056e-01
3.700000000000000000e+03 3.481943944104520239e-01
3.720000000000000000e+03 3.420966337401512569e-01
3.740000000000000000e+03 3.402758286563625778e-01
3.760000000000000000e+03 3.491407057380382373e-01
3.780000000000000000e+03 3.711213711796745307e-01
3.800000000000000000e+03 4.030829044815672502e-01
3.820000000000000000e+03 4.435047669030750539e-01
3.840000000000000000e+03 4.831251535788205764e-01
3.860000000000000000e+03 5.140782136871984154e-01
3.880000000000000000e+03 5.334893132317675146e-01
3.900000000000000000e+03 5.433432477100433866e-01
3.920000000000000000e+03 5.517662588329000917e-01
3.940000000000000000e+03 5.644418514101207096e-01
3.960000000000000000e+03 5.842034791592052301e-01
3.980000000000000000e+03 6.080826128722892632e-01
4.000000000000000000e+03 6.314935753533152951e-01
4.020000000000000000e+03 6.367701835159266244e-01
4.040000000000000000e+03 6.278032169214411429e-01
4.060000000000000000e+03 5.987865693972990178e-01
4.080000000000000000e+03 5.446663403223819255e-01
4.100000000000000000e+03 4.671109312132979974e-01
4.120000000000000000e+03 3.720968583956353326e-01
4.140000000000000000e+03 2.734047968876814894e-01
4.160000000000000000e+03 1.848475725972383854e-01
4.180000000000000000e+03 1.158029110481450102e-01
4.200000000000000000e+03 6.899653960082609283e-02
4.220000000000000000e+03 4.043872076130206050e-02
4.240000000000000000e+03 2.426536193128156493e-02
4.260000000000000000e+03 1.525267426664171123e-02
4.280000000000000000e+03 1.003003366857290433e-02
4.300000000000000000e+03 6.923662741213800972e-03
4.980000000000000000e+03 6.991878995427864250e-03
5.000000000000000000e+03 9.642657204321359102e-03
5.020000000000000000e+03 1.236681877467236956e-02
5.040000000000000000e+03 1.470464774082101342e-02
5.060000000000000000e+03 1.608348247978589468e-02
5.080000000000000000e+03 1.612053951153186518e-02
5.100000000000000000e+03 1.491963071795010531e-02
5.120000000000000000e+03 1.278686805846331910e-02
5.140000000000000000e+03 1.023457804521017353e-02
5.160000000000000000e+03 7.742831914809599966e-03
