3.150000000000000000e+03 4.105821461878878843e-03
3.160000000000000000e+03 6.095325019727643526e-03
3.170000000000000000e+03 9.197063800486134089e-03
3.180000000000000000e+03 1.268941515879691735e-02
3.190000000000000000e+03 1.859920001530733849e-02
3.200000000000000000e+03 2.410424733396046224e-02
3.210000000000000000e+03 3.072941177527595963e-02
3.220000000000000000e+03 3.556045078371035395e-02
3.230000000000000000e+03 4.136686861736062204e-02
3.240000000000000000e+03 4.998829800819718644e-02
3.250000000000000000e+03 5.445437882070276042e-02
3.260000000000000000e+03 6.342189740461966208e-02
3.270000000000000000e+03 7.262050443534570632e-02
3.280000000000000000e+03 7.857620802907050450e-02
3.290000000000000000e+03 9.068620437384850019e-02
3.300000000000000000e+03 1.007988531620920281e-01
3.310000000000000000e+03 1.039122628787694236e-01
3.320000000000000000e+03 1.116479514945597218e-01
3.330000000000000000e+03 1.178918552589904023e-01
3.340000000000000000e+03 1.207388911342298088e-01
3.350000000000000000e+03 1.277227298065522210e-01
3.360000000000000000e+03 1.331053083075902088e-01
3.370000000000000000e+03 1.353997662024590820e-01
3.380000000000000000e+03 1.403433252479296123e-01
3.390000000000000000e+03 1.462265032269700338e-01
3.400000000000000000e+03 1.510170321772864310e-01
3.410000000000000000e+03 1.558139067592128890e-01
3.420000000000000000e+03 1.615521823849216665e-01
3.430000000000000000e+03 1.674082931530321838e-01
3.440000000000000000e+03 1.717248358601574376e-01
3.450000000000000000e+03 1.768341754758046280e-01
3.460000000000000000e+03 1.808290678834131304e-01
3.470000000000000000e+03 1.846258884152139901e-01
3.480000000000000000e+03 1.883472396230577439e-01
3.490000000000000000e+03 1.934344522372058728e-01
3.500000000000000000e+03 1.982704253945332395e-01
3.510000000000000000e+03 2.007985889400863422e-01
3.520000000000000000e+03 2.043798242810621890e-01
3.530000000000000000e+03 2.086029045912686231e-01
3.540000000000000000e+03 2.130541289069603217e-01
3.550000000000000000e+03 2.167094988786766319e-01
3.560000000000000000e+03 2.203481217269149528e-01
3.570000000000000000e+03 2.248325808645006141e-01
3.580000000000000000e+03 2.282366456684053191e-01
3.590000000000000000e+03 2.314993254140374213e-01
3.600000000000000000e+03 2.359809472828178489e-01
3.610000000000000000e+03 2.412732498578977758e-01
3.620000000000000000e+03 2.468316729161665612e-01
3.630000000000000000e+03 2.520117323006464405e-01
3.640000000000000000e+03 2.591597425404282840e-01
3.650000000000000000e+03 2.662795077770777619e-01
3.660000000000000000e+03 2.717868937698404985e-01
3.670000000000000000e+03 2.776250465102568232e-01
3.680000000000000000e+03 2.818575529865270379e-01
3.690000000000000000e+03 2.868959497560432670e-01
3.700000000000000000e+03 2.934932373689880247e-01
3.710000000000000000e+03 2.999711095926670401e-01
3.720000000000000000e+03 3.045853055366671280e-01
3.730000000000000000e+03 3.114434239511016389e-01
3.740000000000000000e+03 3.165004862723771462e-01
3.750000000000000000e+03 3.218909244483418308e-01
3.760000000000000000e+03 3.274323090635382627e-01
3.770000000000000000e+03 3.330318297193116117e-01
3.780000000000000000e+03 3.387285691081607375e-01
3.790000000000000000e+03 3.443524795759084767e-01
3.800000000000000000e+03 3.489062642055940633e-01
3.810000000000000000e+03 3.522555871537729200e-01
3.820000000000000000e+03 3.575072794078869021e-01
3.830000000000000000e+03 3.626782200264002665e-01
3.840000000000000000e+03 3.677683199183006679e-01
3.850000000000000000e+03 3.722126226485065748e-01
3.860000000000000000e+03 3.776171399553528429e-01
3.870000000000000000e+03 3.833881085919885745e-01
3.880000000000000000e+03 3.879876364939173206e-01
3.890000000000000000e+03 3.911392889496635994e-01
3.900000000000000000e+03 3.943045148856700877e-01
3.910000000000000000e+03 3.991508177265276069e-01
3.920000000000000000e+03 4.036043758427311778e-01
3.930000000000000000e+03 4.053488169636395577e-01
3.940000000000000000e+03 4.054911480134791302e-01
3.950000000000000000e+03 3.885307396284883308e-01
3.960000000000000000e+03 3.297604538026870924e-01
3.970000000000000000e+03 2.189353467846990309e-01
3.980000000000000000e+03 1.049907997477746574e-01
3.990000000000000000e+03 4.258930763559671401e-02
4.000000000000000000e+03 1.627332504036709329e-02
4.010000000000000000e+03 5.664180686402668641e-03
