5.340000000000000000e+03 1.002672556899152773e-02
5.360000000000000000e+03 2.659351898073652326e-02
5.380000000000000000e+03 7.094674381869210678e-02
5.400000000000000000e+03 1.565430669760122517e-01
5.420000000000000000e+03 2.762000212029014912e-01
5.440000000000000000e+03 3.973051922019278370e-01
5.460000000000000000e+03 4.758144772402589928e-01
5.480000000000000000e+03 5.025930572353775050e-01
5.500000000000000000e+03 5.053395997318038679e-01
5.520000000000000000e+03 5.132929076217347397e-01
5.540000000000000000e+03 5.338249859324867286e-01
5.560000000000000000e+03 5.600430687411642738e-01
5.580000000000000000e+03 5.844320878415636411e-01
5.600000000000000000e+03 6.025877778915823546e-01
5.620000000000000000e+03 6.145230860767025849e-01
5.640000000000000000e+03 6.249113666313279580e-01
5.660000000000000000e+03 6.363513000405677245e-01
5.680000000000000000e+03 6.440056310080294333e-01
5.700000000000000000e+03 6.470901852249464348e-01
5.720000000000000000e+03 6.488172173819608535e-01
5.740000000000000000e+03 6.486178242841468267e-01
5.760000000000000000e+03 6.422793396103835262e-01
5.780000000000000000e+03 6.345408197303574749e-01
5.800000000000000000e+03 6.364469224129486458e-01
5.820000000000000000e+03 6.496632934083816924e-01
5.840000000000000000e+03 6.648174909115305287e-01
5.860000000000000000e+03 6.706896192524970379e-01
5.880000000000000000e+03 6.601767945031945528e-01
5.900000000000000000e+03 6.385841742254073639e-01
5.920000000000000000e+03 6.216346980825647739e-01
5.940000000000000000e+03 6.244713555665025728e-01
5.960000000000000000e+03 6.460476147243270351e-01
5.980000000000000000e+03 6.718376352388606421e-01
6.000000000000000000e+03 6.911478148679841560e-01
6.020000000000000000e+03 7.040765779869064822e-01
6.040000000000000000e+03 7.092655651555694885e-01
6.060000000000000000e+03 7.067055007784037723e-01
6.080000000000000000e+03 7.016946823413037215e-01
6.100000000000000000e+03 7.028634073830533069e-01
6.120000000000000000e+03 7.152203042695763902e-01
6.140000000000000000e+03 7.299763597156786465e-01
6.160000000000000000e+03 7.356474846123781663e-01
6.180000000000000000e+03 7.341945012147399474e-01
6.200000000000000000e+03 7.351028654419640151e-01
6.220000000000000000e+03 7.404289897145669430e-01
6.240000000000000000e+03 7.454023192862403446e-01
6.260000000000000000e+03 7.463902024213150410e-01
6.280000000000000000e+03 7.456398131811329266e-01
6.300000000000000000e+03 7.481463496422001702e-01
6.320000000000000000e+03 7.548569853812583386e-01
6.340000000000000000e+03 7.590528718923389428e-01
6.360000000000000000e+03 7.570331431640222597e-01
6.380000000000000000e+03 7.513281043710218210e-01
6.400000000000000000e+03 7.432122481101224309e-01
6.420000000000000000e+03 7.353307616719966244e-01
6.440000000000000000e+03 7.352258959109754244e-01
6.460000000000000000e+03 7.407652944678173590e-01
6.480000000000000000e+03 7.485057789705159559e-01
6.500000000000000000e+03 7.545841926921154075e-01
6.520000000000000000e+03 7.482859344727486040e-01
6.540000000000000000e+03 7.341518914475929636e-01
6.560000000000000000e+03 7.261817393337635096e-01
6.580000000000000000e+03 7.277705393512499121e-01
6.600000000000000000e+03 7.366465435518367855e-01
6.620000000000000000e+03 7.492088240249789033e-01
6.640000000000000000e+03 7.577275245545679327e-01
6.660000000000000000e+03 7.599025873017436483e-01
6.680000000000000000e+03 7.649599125444069836e-01
6.700000000000000000e+03 7.742632704866985183e-01
6.720000000000000000e+03 7.798967132763972021e-01
6.740000000000000000e+03 7.821744195064890270e-01
6.760000000000000000e+03 7.806417883732841290e-01
6.780000000000000000e+03 7.758436644957000805e-01
6.800000000000000000e+03 7.713649689405387422e-01
6.820000000000000000e+03 7.674614891383988446e-01
6.840000000000000000e+03 7.543685350951258028e-01
6.860000000000000000e+03 7.433068720677022956e-01
6.880000000000000000e+03 7.302733076016169056e-01
6.900000000000000000e+03 7.368185285530201023e-01
6.920000000000000000e+03 7.174582349422783389e-01
6.940000000000000000e+03 6.521305374159950263e-01
6.960000000000000000e+03 5.321563771447882507e-01
6.980000000000000000e+03 3.710396041728859506e-01
7.000000000000000000e+03 2.089344005481150734e-01
7.020000000000000000e+03 9.485716795325152551e-02
7.040000000000000000e+03 3.543895880564484901e-02
7.060000000000000000e+03 1.215351012950557745e-02
