8.420000000000000000e+03 3.261557931658882331e-02
8.440000000000000000e+03 5.345896459027782432e-02
8.460000000000000000e+03 8.104793136113062901e-02
8.480000000000000000e+03 1.263281893054931659e-01
8.500000000000000000e+03 1.869052100944195161e-01
8.520000000000000000e+03 2.525284190040394394e-01
8.540000000000000000e+03 3.335072746264725607e-01
8.560000000000000000e+03 4.023719922177576014e-01
8.580000000000000000e+03 4.645726408264093665e-01
8.600000000000000000e+03 5.155234399771509990e-01
8.620000000000000000e+03 5.494933931615842981e-01
8.640000000000000000e+03 5.736361832268184191e-01
8.660000000000000000e+03 5.864536052169897484e-01
8.680000000000000000e+03 5.943357374124883519e-01
8.700000000000000000e+03 5.974629355119476237e-01
8.720000000000000000e+03 6.002947938589519028e-01
8.740000000000000000e+03 6.026526404339063170e-01
8.760000000000000000e+03 6.046216693961729005e-01
8.780000000000000000e+03 6.073916581507656787e-01
8.800000000000000000e+03 6.084394003920684524e-01
8.820000000000000000e+03 6.081590117094778369e-01
8.840000000000000000e+03 6.074940258363232815e-01
8.860000000000000000e+03 6.104695805770234962e-01
8.880000000000000000e+03 6.119373221668121809e-01
8.900000000000000000e+03 6.111377766648786736e-01
8.920000000000000000e+03 5.960909840349382094e-01
8.940000000000000000e+03 5.772978484003464805e-01
8.960000000000000000e+03 5.606875689659456263e-01
8.980000000000000000e+03 5.460233755607766248e-01
9.000000000000000000e+03 5.501993710070696153e-01
9.020000000000000000e+03 5.564539243493651366e-01
9.040000000000000000e+03 5.592706744831280607e-01
9.060000000000000000e+03 5.620130733505387388e-01
9.080000000000000000e+03 5.630091154208241022e-01
9.100000000000000000e+03 5.625025749697452060e-01
9.120000000000000000e+03 5.631451117890494684e-01
9.140000000000000000e+03 5.628104188451948930e-01
9.160000000000000000e+03 5.589628081586244246e-01
9.180000000000000000e+03 5.540523021194023734e-01
9.200000000000000000e+03 5.452839261760002998e-01
9.220000000000000000e+03 5.279652892964061817e-01
9.240000000000000000e+03 5.027566630524659130e-01
9.260000000000000000e+03 4.636412295821590868e-01
9.280000000000000000e+03 3.882802721348257990e-01
9.300000000000000000e+03 3.104606494116963766e-01
9.320000000000000000e+03 2.330768526200172885e-01
9.340000000000000000e+03 1.648877617534119377e-01
9.360000000000000000e+03 1.153576060774810508e-01
9.380000000000000000e+03 7.933304813750360895e-02
9.400000000000000000e+03 5.135198619210085830e-02
9.420000000000000000e+03 3.199542420397334663e-02
9.440000000000000000e+03 1.825682773810734585e-02
9.460000000000000000e+03 1.072458649592013258e-02
9.480000000000000000e+03 7.193215630939469273e-03
