9.100000000000000000e+03 4.879244420025257226e-03
9.140000000000000000e+03 7.365039448505564593e-03
9.160000000000000000e+03 1.133835294852261581e-02
9.180000000000000000e+03 1.376323784885843428e-02
9.200000000000000000e+03 2.507773330922787383e-02
9.220000000000000000e+03 3.538666015505899376e-02
9.240000000000000000e+03 5.146820039296619992e-02
9.260000000000000000e+03 8.210746551672316873e-02
9.280000000000000000e+03 1.098931462869261466e-01
9.300000000000000000e+03 1.381207625140487283e-01
9.320000000000000000e+03 1.712375297380409611e-01
9.340000000000000000e+03 1.968831039468049993e-01
9.360000000000000000e+03 2.332955952405872113e-01
9.380000000000000000e+03 2.810989545531333289e-01
9.400000000000000000e+03 3.218942992762742761e-01
9.420000000000000000e+03 3.547120308610863804e-01
9.440000000000000000e+03 3.590805248605036248e-01
9.460000000000000000e+03 3.582857927123326847e-01
9.480000000000000000e+03 3.686864319912184218e-01
9.500000000000000000e+03 3.776044958740236712e-01
9.520000000000000000e+03 3.712532362645749595e-01
9.540000000000000000e+03 3.630012620124845046e-01
9.560000000000000000e+03 3.736820837956485453e-01
9.580000000000000000e+03 3.812539562279204097e-01
9.600000000000000000e+03 3.931191143793184573e-01
9.620000000000000000e+03 4.038415846370923545e-01
9.640000000000000000e+03 4.109132464294814602e-01
9.660000000000000000e+03 4.195991491732893874e-01
9.680000000000000000e+03 4.274277347143874972e-01
9.700000000000000000e+03 4.349878826618991390e-01
9.720000000000000000e+03 4.214111948466904845e-01
9.740000000000000000e+03 4.095853770396272187e-01
9.760000000000000000e+03 4.071370227438393385e-01
9.780000000000000000e+03 4.061234880159622640e-01
9.800000000000000000e+03 4.042216295211488175e-01
9.820000000000000000e+03 3.990591795589627511e-01
9.840000000000000000e+03 3.961535907834585202e-01
9.860000000000000000e+03 3.915713394094496036e-01
9.880000000000000000e+03 3.823458244036292419e-01
9.900000000000000000e+03 3.729988568082893696e-01
9.920000000000000000e+03 3.621419634944058608e-01
9.940000000000000000e+03 3.512585573212561596e-01
9.960000000000000000e+03 3.410709809352863719e-01
9.980000000000000000e+03 3.296369324970397918e-01
1.000000000000000000e+04 3.197577468269403589e-01
1.002000000000000000e+04 3.054258101894170019e-01
1.004000000000000000e+04 2.909828381875094183e-01
1.006000000000000000e+04 2.767778487151162370e-01
1.008000000000000000e+04 2.629155655237451206e-01
1.010000000000000000e+04 2.502442162765272093e-01
1.012000000000000000e+04 2.373759201964557308e-01
1.014000000000000000e+04 2.233260043970580477e-01
1.016000000000000000e+04 2.090216631931776092e-01
1.018000000000000000e+04 1.942330027242286927e-01
1.020000000000000000e+04 1.797075508103669617e-01
1.022000000000000000e+04 1.699980229284527022e-01
1.024000000000000000e+04 1.596843776924132263e-01
1.026000000000000000e+04 1.496225433416069062e-01
1.028000000000000000e+04 1.393312849266426512e-01
1.030000000000000000e+04 1.288305381567991514e-01
1.032000000000000000e+04 1.183406579825870691e-01
1.034000000000000000e+04 1.077457885197557197e-01
1.036000000000000000e+04 9.738414234436694461e-02
1.038000000000000000e+04 8.699228621608559586e-02
1.040000000000000000e+04 7.662338883496533359e-02
1.042000000000000000e+04 7.329083681043209453e-02
1.044000000000000000e+04 6.974234183662197939e-02
1.046000000000000000e+04 6.614766383137839212e-02
1.048000000000000000e+04 6.265646359581285296e-02
1.050000000000000000e+04 5.893698314826112394e-02
1.052000000000000000e+04 5.544999065461302112e-02
1.054000000000000000e+04 5.180937472911557179e-02
1.056000000000000000e+04 4.790648984138631827e-02
1.058000000000000000e+04 4.396683827670867101e-02
1.060000000000000000e+04 3.968717665398503042e-02
1.062000000000000000e+04 3.501143579086908597e-02
1.064000000000000000e+04 3.011133649464143788e-02
1.066000000000000000e+04 2.486595725000517731e-02
1.068000000000000000e+04 1.963340549043757557e-02
1.070000000000000000e+04 1.471984550526049713e-02
1.072000000000000000e+04 1.035709119263349652e-02
1.074000000000000000e+04 6.800609679552941690e-03
