3.960000000000000000e+03 1.095280131703796171e-02
3.970000000000000000e+03 2.207633005169939294e-02
3.980000000000000000e+03 4.370189985263616544e-02
3.990000000000000000e+03 8.399452558827806559e-02
4.000000000000000000e+03 1.415820754468325171e-01
4.010000000000000000e+03 1.979160807329579663e-01
4.020000000000000000e+03 2.349879966521941088e-01
4.030000000000000000e+03 2.522419520089948519e-01
4.040000000000000000e+03 2.599397402143323044e-01
4.050000000000000000e+03 2.651328064513635008e-01
4.060000000000000000e+03 2.696148891345845344e-01
4.070000000000000000e+03 2.746989614266990287e-01
4.080000000000000000e+03 2.813042976533708384e-01
4.090000000000000000e+03 2.860618034048669212e-01
4.100000000000000000e+03 2.915287976512984103e-01
4.110000000000000000e+03 2.965240592933063857e-01
4.120000000000000000e+03 3.018994811836542835e-01
4.130000000000000000e+03 3.058996357915137465e-01
4.140000000000000000e+03 3.105259708914496763e-01
4.150000000000000000e+03 3.156536490674134998e-01
4.160000000000000000e+03 3.208888053647125926e-01
4.170000000000000000e+03 3.259636373623923666e-01
4.180000000000000000e+03 3.308681572365805290e-01
4.190000000000000000e+03 3.365754406677285426e-01
4.200000000000000000e+03 3.418788505556051849e-01
4.210000000000000000e+03 3.452979463788187764e-01
4.220000000000000000e+03 3.497984681214961200e-01
4.230000000000000000e+03 3.543603495721614483e-01
4.240000000000000000e+03 3.588958598454511928e-01
4.250000000000000000e+03 3.648696375210384035e-01
4.260000000000000000e+03 3.674176954320081956e-01
4.270000000000000000e+03 3.716760591663755275e-01
4.280000000000000000e+03 3.741373206037784671e-01
4.290000000000000000e+03 3.773988330686432469e-01
4.300000000000000000e+03 3.829840407897195931e-01
4.310000000000000000e+03 3.892444544751431645e-01
4.320000000000000000e+03 3.956464004007177460e-01
4.330000000000000000e+03 4.003205358552352489e-01
4.340000000000000000e+03 4.052012801403721554e-01
4.350000000000000000e+03 4.096034602326159013e-01
4.360000000000000000e+03 4.135236499553783251e-01
4.370000000000000000e+03 4.177478765121035997e-01
4.380000000000000000e+03 4.214413986976757731e-01
4.390000000000000000e+03 4.263051159234049203e-01
4.400000000000000000e+03 4.317439324629870345e-01
4.410000000000000000e+03 4.358203143087564513e-01
4.420000000000000000e+03 4.389929330646883399e-01
4.430000000000000000e+03 4.436656357544507823e-01
4.440000000000000000e+03 4.478663151338974080e-01
4.450000000000000000e+03 4.513883831371153232e-01
4.460000000000000000e+03 4.568017421464120598e-01
4.470000000000000000e+03 4.612138270037016152e-01
4.480000000000000000e+03 4.648503500696706814e-01
4.490000000000000000e+03 4.694588067572285084e-01
4.500000000000000000e+03 4.732795750648142730e-01
4.510000000000000000e+03 4.769909341333515851e-01
4.520000000000000000e+03 4.793343973902414734e-01
4.530000000000000000e+03 4.829722286327260417e-01
4.540000000000000000e+03 4.879506708623921329e-01
4.550000000000000000e+03 4.920676892389678203e-01
4.560000000000000000e+03 4.965294848038456776e-01
4.570000000000000000e+03 5.006455064745047867e-01
4.580000000000000000e+03 5.050505728609652190e-01
4.590000000000000000e+03 5.086408944547605726e-01
4.600000000000000000e+03 5.131972317287650798e-01
4.610000000000000000e+03 5.157870474646971681e-01
4.620000000000000000e+03 5.184504117913886212e-01
4.630000000000000000e+03 5.213223575958260136e-01
4.640000000000000000e+03 5.237779295036220084e-01
4.650000000000000000e+03 5.262295768818715525e-01
4.660000000000000000e+03 5.297706653563304391e-01
4.670000000000000000e+03 5.337002822558868376e-01
4.680000000000000000e+03 5.371656833748071902e-01
4.690000000000000000e+03 5.411961129248820113e-01
4.700000000000000000e+03 5.445751951584872907e-01
4.710000000000000000e+03 5.479050650374625020e-01
4.720000000000000000e+03 5.503326668854751080e-01
4.730000000000000000e+03 5.531683159827845975e-01
4.740000000000000000e+03 5.551547301097748965e-01
4.750000000000000000e+03 5.561681308504335952e-01
4.760000000000000000e+03 5.592762751923882059e-01
4.770000000000000000e+03 5.619468448722679810e-01
4.780000000000000000e+03 5.661224404861480153e-01
4.790000000000000000e+03 5.706785908777931571e-01
4.800000000000000000e+03 5.738534314573305872e-01
4.810000000000000000e+03 5.763274008951697613e-01
4.820000000000000000e+03 5.799977081387687194e-01
4.830000000000000000e+03 5.827856607050296844e-01
4.840000000000000000e+03 5.847862155972111120e-01
4.850000000000000000e+03 5.884920304890874920e-01
4.860000000000000000e+03 5.897962409456080080e-01
4.870000000000000000e+03 5.924255511534838314e-01
4.880000000000000000e+03 5.985262219510725235e-01
4.890000000000000000e+03 6.014484183454698041e-01
4.900000000000000000e+03 6.046827913388149733e-01
4.910000000000000000e+03 6.078437818590537445e-01
4.920000000000000000e+03 6.091839152579835437e-01
4.930000000000000000e+03 6.119064589984704039e-01
4.940000000000000000e+03 6.143170337870751396e-01
4.950000000000000000e+03 6.178938167921705915e-01
4.960000000000000000e+03 6.209135657781507112e-01
4.970000000000000000e+03 6.237650168171788856e-01
4.980000000000000000e+03 6.265505191480617020e-01
4.990000000000000000e+03 6.329376390731275004e-01
5.000000000000000000e+03 6.380579042488369046e-01
5.010000000000000000e+03 6.415810935462109565e-01
5.020000000000000000e+03 6.443106142281137538e-01
5.030000000000000000e+03 6.449883119572523693e-01
5.040000000000000000e+03 6.458624438107788412e-01
5.050000000000000000e+03 6.465881495415647384e-01
5.060000000000000000e+03 6.492659453393396785e-01
5.070000000000000000e+03 6.525598715111990966e-01
5.080000000000000000e+03 6.574967427982622015e-01
5.090000000000000000e+03 6.620463523073298884e-01
5.100000000000000000e+03 6.645119328037045747e-01
5.110000000000000000e+03 6.670987999513003919e-01
5.120000000000000000e+03 6.692016417881682111e-01
5.130000000000000000e+03 6.720106497669164902e-01
5.140000000000000000e+03 6.746867636234572529e-01
5.150000000000000000e+03 6.770794599996837748e-01
5.160000000000000000e+03 6.796477842642901779e-01
5.170000000000000000e+03 6.832837674478878798e-01
5.180000000000000000e+03 6.862295733136831721e-01
5.190000000000000000e+03 6.880393005522572603e-01
5.200000000000000000e+03 6.910602331265132126e-01
5.210000000000000000e+03 6.942066883521356147e-01
5.220000000000000000e+03 6.973601205191737318e-01
5.230000000000000000e+03 6.992173366417304692e-01
5.240000000000000000e+03 7.007936478134709768e-01
5.250000000000000000e+03 7.010408931748967065e-01
5.260000000000000000e+03 7.049320123084262812e-01
5.270000000000000000e+03 7.080340102972287886e-01
5.280000000000000000e+03 7.090047603305414947e-01
5.290000000000000000e+03 7.133793025983075076e-01
5.300000000000000000e+03 7.150910204217532096e-01
5.310000000000000000e+03 7.164402487621717164e-01
5.320000000000000000e+03 7.195017348084076225e-01
5.330000000000000000e+03 7.226360634453784515e-01
5.340000000000000000e+03 7.270744156565106531e-01
5.350000000000000000e+03 7.338127913583361028e-01
5.360000000000000000e+03 7.353068327625476019e-01
5.370000000000000000e+03 7.377937386125953401e-01
5.380000000000000000e+03 7.420498805233569639e-01
5.390000000000000000e+03 7.447050635556499154e-01
5.400000000000000000e+03 7.458175950055927483e-01
5.410000000000000000e+03 7.434466808065843813e-01
5.420000000000000000e+03 7.319345198232922733e-01
5.430000000000000000e+03 7.043075968164101974e-01
5.440000000000000000e+03 6.500622303078417152e-01
5.450000000000000000e+03 5.707610475276814199e-01
5.460000000000000000e+03 4.714031515886573653e-01
5.470000000000000000e+03 3.645444622157619219e-01
5.480000000000000000e+03 2.653710399301270617e-01
5.490000000000000000e+03 1.818499911816264525e-01
5.500000000000000000e+03 1.173922304990753507e-01
5.510000000000000000e+03 7.024990946955253501e-02
5.520000000000000000e+03 3.921190581620247195e-02
5.530000000000000000e+03 2.079550065480467377e-02
5.540000000000000000e+03 1.107801249780535589e-02
