6.800000000000000000e+03 7.621239182281589267e-03
6.820000000000000000e+03 1.257390047673698392e-02
6.840000000000000000e+03 2.044581778689217103e-02
6.860000000000000000e+03 3.300161951082832001e-02
6.880000000000000000e+03 5.255399340586560525e-02
6.900000000000000000e+03 8.539841900766945160e-02
6.920000000000000000e+03 1.357522957781614470e-01
6.940000000000000000e+03 2.058592189657655058e-01
6.960000000000000000e+03 2.946476955975529388e-01
6.980000000000000000e+03 3.935810952612208147e-01
7.000000000000000000e+03 4.789785521225489173e-01
7.020000000000000000e+03 5.453523215014742798e-01
7.040000000000000000e+03 5.886088867785225220e-01
7.060000000000000000e+03 6.135508404228422474e-01
7.080000000000000000e+03 6.266115869483395162e-01
7.100000000000000000e+03 6.315203535664618562e-01
7.120000000000000000e+03 6.344934897772814830e-01
7.140000000000000000e+03 6.379375056083846918e-01
7.160000000000000000e+03 6.192251114733653417e-01
7.180000000000000000e+03 5.983537389600570577e-01
7.200000000000000000e+03 6.067700490717716777e-01
7.220000000000000000e+03 6.148671346297751583e-01
7.240000000000000000e+03 6.171540004596079987e-01
7.260000000000000000e+03 6.192175443224097187e-01
7.280000000000000000e+03 6.213114608048543319e-01
7.300000000000000000e+03 6.234644582734534257e-01
7.320000000000000000e+03 6.333671024549812900e-01
7.340000000000000000e+03 6.436962635092667862e-01
7.360000000000000000e+03 6.439573692231650437e-01
7.380000000000000000e+03 6.462637900272883984e-01
7.400000000000000000e+03 6.461293755829958796e-01
7.420000000000000000e+03 6.475669522368585618e-01
7.440000000000000000e+03 6.469424152454540389e-01
7.460000000000000000e+03 6.424544446299510492e-01
7.480000000000000000e+03 6.435057845376200847e-01
7.500000000000000000e+03 6.449533467102694928e-01
7.520000000000000000e+03 6.458910233298746917e-01
7.540000000000000000e+03 6.485499537503313094e-01
7.560000000000000000e+03 6.501522914641740813e-01
7.580000000000000000e+03 6.347434137904549578e-01
7.600000000000000000e+03 4.249737980575475915e-01
7.620000000000000000e+03 4.658113454045708091e-01
7.640000000000000000e+03 4.472463936953858243e-01
7.660000000000000000e+03 5.526833565440184559e-01
7.680000000000000000e+03 6.413499006299967498e-01
7.700000000000000000e+03 6.410378011600030845e-01
7.720000000000000000e+03 6.414682186260367569e-01
7.740000000000000000e+03 6.448106630082318658e-01
7.760000000000000000e+03 6.469712276277863605e-01
7.780000000000000000e+03 6.501054323369512833e-01
7.800000000000000000e+03 6.514521251674821878e-01
7.820000000000000000e+03 6.524514571648040162e-01
7.840000000000000000e+03 6.578713575258187118e-01
7.860000000000000000e+03 6.593860879146815623e-01
7.880000000000000000e+03 6.549473167823670616e-01
7.900000000000000000e+03 6.509191741061990388e-01
7.920000000000000000e+03 6.514858262933872490e-01
7.940000000000000000e+03 6.547311459030088487e-01
7.960000000000000000e+03 6.553350357540055349e-01
7.980000000000000000e+03 6.550621242444585324e-01
8.000000000000000000e+03 6.528448970065806600e-01
8.020000000000000000e+03 6.500452851886346917e-01
8.040000000000000000e+03 6.526907975682219032e-01
8.060000000000000000e+03 6.554671618502426744e-01
8.080000000000000000e+03 6.556963867150981118e-01
8.100000000000000000e+03 6.551709507968600521e-01
8.120000000000000000e+03 6.415118012549076987e-01
8.140000000000000000e+03 6.255548382179944022e-01
8.160000000000000000e+03 6.269326837868233193e-01
8.180000000000000000e+03 6.260018202034735024e-01
8.200000000000000000e+03 6.271912151091593168e-01
8.220000000000000000e+03 6.296828360820291293e-01
8.240000000000000000e+03 6.265437686332467893e-01
8.260000000000000000e+03 6.302339119000681666e-01
8.280000000000000000e+03 6.342790611629197661e-01
8.300000000000000000e+03 6.309872724854028725e-01
8.320000000000000000e+03 6.352554056638681779e-01
8.340000000000000000e+03 6.367933055767907025e-01
8.360000000000000000e+03 6.214180770210662175e-01
8.380000000000000000e+03 5.828849741775730120e-01
8.400000000000000000e+03 5.195761869791403198e-01
8.420000000000000000e+03 4.377971284723097822e-01
8.440000000000000000e+03 3.412372138131580246e-01
8.460000000000000000e+03 2.683700227917856229e-01
8.480000000000000000e+03 2.135012093042756298e-01
8.500000000000000000e+03 1.804518465317485609e-01
8.520000000000000000e+03 1.373411374392690121e-01
8.540000000000000000e+03 1.022316633260230423e-01
8.560000000000000000e+03 8.155838894322731125e-02
8.580000000000000000e+03 4.991058734664746699e-02
8.600000000000000000e+03 3.688843069062779090e-02
8.620000000000000000e+03 2.902795512074899525e-02
8.640000000000000000e+03 2.405137018753387979e-02
